2s: 
  full: [1000, 993, 985, 978, 969, 960, 951, 941, 930, 919, 906, 893, 879, 864, 847, 829, 809, 787, 764, 737, 708, 675, 638, 596, 548, 492, 427, 350, 257, 143]
  first20: [1000, 993, 985, 978, 969, 960, 951, 941, 930, 919, 906, 893, 879, 864, 847, 829, 809, 787, 764, 143]
  last20: [1000, 893, 879, 864, 847, 829, 809, 787, 764, 737, 708, 675, 638, 596, 548, 492, 427, 350, 257, 143]
  middle20: [1000, 993, 985, 978, 969, 960, 951, 941, 930, 919, 708, 675, 638, 596, 548, 492, 427, 350, 257, 143]
4s_discrete: 
  full: [1000, 995, 990, 984, 978, 972, 965, 957, 950, 941, 932, 922, 911, 899, 887, 873, 857, 840, 820, 798, 774, 746, 713, 676, 631, 578, 513, 432, 328, 191]
  first20: [1000, 995, 990, 984, 978, 972, 965, 957, 950, 941, 932, 922, 911, 899, 887, 873, 857, 840, 820, 191]
  last20: [1000, 922, 911, 899, 887, 873, 857, 840, 820, 798, 774, 746, 713, 676, 631, 578, 513, 432, 328, 191]
  middle20: [1000, 995, 990, 984, 978, 972, 965, 957, 950, 941, 774, 746, 713, 676, 631, 578, 513, 432, 328, 191]
  first15: [1000, 995, 990, 984, 978, 972, 965, 957, 950, 941, 932, 922, 911, 899, 887, 191]
  last15: [1000, 873, 857, 840, 820, 798, 774, 746, 713, 676, 631, 578, 513, 432, 328, 191]
  middle15: [1000, 995, 990, 984, 978, 972, 965, 957, 713, 676, 631, 578, 513, 432, 328, 191]
4s:
  # full: [1000.0, 994.9867553710938, 989.6707153320312, 984.0239868164062, 978.0144653320312, 971.6060791015625, 964.7576904296875, 957.422607421875, 949.5467529296875, 941.068115234375, 931.9148559570312, 922.0031127929688, 911.234375, 899.49267578125, 886.6396484375, 872.5099487304688, 856.9032592773438, 839.5753784179688, 820.2247314453125, 798.475341796875, 773.8515625, 745.7434692382812, 713.3550415039062, 675.6279907226562, 631.1239013671875, 577.83642578125, 512.8805541992188, 431.9526672363281, 328.3358459472656, 190.93287658691406]
  # first20: [1000.0, 994.9867553710938, 989.6707153320312, 984.0239868164062, 978.0144653320312, 971.6060791015625, 964.7576904296875, 957.422607421875, 949.5467529296875, 941.068115234375, 931.9148559570312, 922.0031127929688, 911.234375, 899.49267578125, 886.6396484375, 872.5099487304688, 856.9032592773438, 839.5753784179688, 820.2247314453125, 190.93287658691406]
  # first15: [1000.0, 994.9867553710938, 989.6707153320312, 984.0239868164062, 978.0144653320312, 971.6060791015625, 964.7576904296875, 957.422607421875, 949.5467529296875, 941.068115234375, 931.9148559570312, 922.0031127929688, 911.234375, 899.49267578125, 886.6396484375, 190.93287658691406]
  ea15: [994.9867553710938, 989.6707153320312, 984.0239868164062, 978.0144653320312, 971.6060791015625, 964.7576904296875, 957.422607421875, 941.068115234375, 931.9148559570312, 899.49267578125, 856.9032592773438, 675.6279907226562, 512.8805541992188, 431.9526672363281, 328.3358459472656, 190.93287658691406]
